version https://git-lfs.github.com/spec/v1
oid sha256:c57c7aa7fab5be858f5c9104530c8d7b8daa37a04317a1d0f99b4e5947fee22a
size 57890595
